11101010100001000101000100100
1110000111100110001100000000011101010100001000101000100100
1101111110000111100110001100000000011101010100001000101000100100
110100100010111111101111110000111100110001100000000011101010100001000101000100100
1100101110110110100100010111111101111110000111100110001100000000011101010100001000101000100100
1111001100101110110110100100010111111101111110000111100110001100000000011101010100001000101000100100
100110011101111110111100000000001111001100101110110110100100010111111101111110000111100110001100000000011101010100001000101000100100
11010010001011111100110011101111110111100000000001111001100101110110110100100010111111101111110000111100110001100000000011101010100001000101000100100
110010111011011010010001011111100110011101111110111100000000001111001100101110110110100100010111111101111110000111100110001100000000011101010100001000101000100100
111100110010111011011010010001011111100110011101111110111100000000001111001100101110110110100100010111111101111110000111100110001100000000011101010100001000101000100100
